NAME : coverage_path
TYPE : ATSP
DIMENSION : 45
EDGE_WEIGHT_TYPE : EXPLICIT
EDGE_WEIGHT_FORMAT : FULL_MATRIX
EDGE_WEIGHT_SECTION
0 6670 6955 5589 5692 6047 101187 4930 101362 4861 5195 3940 4456 2471 3190 3965 11134 10135 9136 8138 7141 6145 2968 3920 11233 10246 9263 8285 7316 3418 3662 4347 11438 10475 9522 8583 6778 4415 4566 5055 11742 10812 9900 8157 7353 
0 0 500 707 500 707 1300 1064 993 983 1118 1508 2010 2456 2010 2510 7600 7090 6580 6070 5560 5050 2593 3010 8100 7590 7080 6570 6060 3549 3380 3510 8600 8090 7580 7070 6050 4049 3880 4010 9100 8590 8080 7059 6550 
0 500 0 1118 707 500 2061 1420 1271 1067 1000 2018 1500 2966 2520 2000 8110 7600 7090 6580 6070 5560 3103 2500 8610 8100 7590 7080 6570 4059 3890 3000 9110 8600 8090 7580 6559 4559 4390 3500 9610 9100 8590 7570 7059 
0 707 1118 0 250 1000 325 190 414 678 1118 1518 2020 2466 2020 2520 6590 6080 5570 5060 4550 4040 2603 3020 7090 6580 6070 5560 5050 2539 3390 3520 7590 7080 6570 6060 5040 3039 3890 4020 8090 7580 7070 6050 5540 
0 500 707 250 0 500 627 509 253 243 707 719 1118 1956 1510 2010 7100 6590 6080 5570 5060 4550 2093 2510 7600 7090 6580 6070 5560 3049 2880 3010 8100 7590 7080 6570 5550 3549 3380 3510 8600 8090 7580 6559 6050 
0 707 500 1000 500 0 1405 1190 1048 642 500 1089 1000 2466 2020 1500 7610 7100 6590 6080 5570 5060 2603 2000 8110 7600 7090 6580 6070 3559 3390 2500 8610 8100 7590 7080 6060 4059 3890 3000 9110 8600 8090 7070 6559 
0 1300 2061 325 627 1405 0 140 121 548 881 1638 1758 2587 2140 2258 6111 5601 5091 4581 4071 3561 2449 2758 6611 6101 5591 5081 4571 1997 2909 3258 7111 6601 6091 5581 4561 2498 3409 3758 7611 7101 6591 5571 5061 
0 1064 1420 190 509 1190 140 0 237 420 1011 1382 1945 2330 1884 2445 5982 5472 4962 4452 3942 3432 2467 2945 6482 5972 5462 4952 4442 2207 3254 3445 6982 6472 5962 5452 4432 2707 3754 3945 7482 6972 6462 5442 4932 
0 993 1271 414 253 1048 121 237 0 599 518 570 1046 2089 1150 1995 6374 5864 5354 4844 4334 3824 2226 2495 6874 6364 5854 5344 4834 2260 3013 2995 7374 6864 6354 5844 4824 2761 3513 3495 7874 7364 6854 5834 5324 
0 983 1067 678 243 642 548 420 599 0 221 270 492 1489 728 1141 6823 6313 5803 5293 4783 4273 1626 1922 7323 6813 6303 5793 5283 3048 2413 2422 7823 7313 6803 6293 5273 3548 2913 2922 8323 7813 7303 6283 5773 
0 1118 1000 1118 707 500 881 1011 518 221 0 648 250 1866 1104 700 7175 6665 6155 5645 5135 4625 2001 1500 7570 7060 6550 6040 5530 3000 2500 2000 8109 7600 7090 6580 5560 3520 3010 2500 8610 8100 7590 6570 6060 
0 1508 2018 1518 719 1089 1638 1382 570 270 648 0 400 663 250 648 5996 5486 4976 4466 3956 3446 1085 1089 6496 5986 5476 4966 4456 2044 1872 1880 6996 6486 5976 5466 4446 2544 2372 2380 7496 6986 6476 5456 4946 
0 2010 1500 2020 1118 1000 1758 1945 1046 492 250 400 0 1366 673 250 6675 6165 5655 5145 4635 4125 1244 700 7070 6560 6050 5540 5030 2500 2000 1500 7609 7100 6590 6080 5060 3020 2510 2000 8109 7600 7090 6070 5560 
0 2456 2966 2466 1956 2466 2587 2330 2089 1489 1866 663 1366 0 223 863 5941 5431 4921 4411 3901 3391 1383 1037 6441 5931 5421 4911 4401 1989 1784 1919 6941 6431 5921 5411 4391 2489 2257 2366 7441 6931 6421 5401 4891 
0 2010 2520 2020 1510 2020 2140 1884 1150 728 1104 250 673 223 0 440 5494 4984 4474 3964 3454 2944 533 673 5994 5484 4974 4464 3954 1542 1033 1104 6494 5984 5474 4964 3944 2042 1870 1920 6994 6484 5974 4954 4444 
0 2510 2000 2520 2010 1500 2258 2445 1995 1141 700 648 250 863 440 0 6175 5665 5155 4645 4135 3625 509 250 6570 6060 5550 5040 4530 1434 1138 1000 7110 6600 6090 5580 4560 2520 2010 1500 7610 7100 6590 5570 5060 
0 7600 8110 6590 7100 7610 6111 5982 6374 6823 7175 5996 6675 5941 5494 6175 0 250 700 1500 2039 2550 5495 5997 250 494 1118 2029 2540 5070 5570 6070 1000 1118 1414 2529 3550 5590 6100 6610 1500 2010 2520 3540 4050 
0 7090 7600 6080 6590 7100 5601 5472 5864 6313 6665 5486 6165 5431 4984 5665 250 0 250 700 1500 2039 4985 5487 494 500 707 1118 2029 4560 5060 5560 1118 1000 1118 1414 3040 5080 5590 6100 2010 1500 2010 3029 3540 
0 6580 7090 5570 6080 6590 5091 4962 5354 5803 6155 4976 5655 4921 4474 5155 700 250 0 250 1000 1500 4475 4977 1118 707 500 494 1118 4050 4550 5050 1414 1118 1000 1118 2529 4570 5080 5590 2520 2010 1500 2520 3029 
0 6070 6580 5060 5570 6080 4581 4452 4844 5293 5645 4466 5145 4411 3964 4645 1500 700 250 0 500 1000 3965 4467 2029 1118 707 250 707 3540 4040 4540 2529 1414 1118 700 1414 4060 4570 5080 3029 2520 2010 2010 2520 
0 5560 6070 4550 5060 5570 4071 3942 4334 4783 5135 3956 4635 3901 3454 4135 2039 1500 1000 500 0 250 3455 3957 2540 2029 1118 707 250 2121 3530 4030 3040 2529 1414 1118 782 3550 4060 4570 3540 3029 2520 1500 2010 
0 5050 5560 4040 4550 5060 3561 3432 3824 4273 4625 3446 4125 3391 2944 3625 2550 2039 1500 1000 250 0 2945 3447 3050 2540 2029 1118 494 1260 3020 3520 3550 3040 2529 1414 1000 2127 3550 4060 4050 3540 3029 2010 1500 
0 2593 3103 2603 2093 2603 2449 2467 2226 1626 2001 1085 1244 1383 533 509 5495 4985 4475 3965 3455 2945 0 260 5995 5485 4975 4465 3955 707 250 509 6495 5985 5475 4965 3945 1138 1020 1138 6995 6485 5975 4955 4445 
0 3010 2500 3020 2510 2000 2758 2945 2495 1922 1500 1089 700 1037 673 250 5997 5487 4977 4467 3957 3447 260 0 6070 5560 5050 4540 4030 1138 509 500 6610 6100 5590 5080 4060 1414 1118 1000 7110 6600 6090 5070 4560 
0 8100 8610 7090 7600 8110 6611 6482 6874 7323 7570 6496 7070 6441 5994 6570 250 494 1118 2029 2540 3050 5995 6070 0 250 700 1500 2039 4570 5070 5570 500 707 1118 2029 3050 5090 5600 6110 1000 1118 1414 3040 3550 
0 7590 8100 6580 7090 7600 6101 5972 6364 6813 7060 5986 6560 5931 5484 6060 494 500 707 1118 2029 2540 5485 5560 250 0 250 1000 1500 4060 4560 5060 707 500 494 1118 2540 4580 5090 5600 1118 1000 1118 2529 3040 
0 7080 7590 6070 6580 7090 5591 5462 5854 6303 6550 5476 6050 5421 4974 5550 1118 707 500 707 1118 2029 4975 5050 700 250 0 500 1000 3550 4050 4550 1118 494 250 707 2029 4070 4580 5090 1414 1118 1000 1414 2529 
0 6570 7080 5560 6070 6580 5081 4952 5344 5793 6040 4966 5540 4911 4464 5040 2029 1118 494 250 707 1118 4465 4540 1500 1000 500 0 500 3040 3540 4040 2029 1118 707 250 1118 3560 4070 4580 2529 1414 1118 782 1414 
0 6060 6570 5050 5560 6070 4571 4442 4834 5283 5530 4456 5030 4401 3954 4530 2540 2029 1118 707 250 494 3955 4030 2039 1500 1000 500 0 2530 3030 3530 2540 2029 1118 707 353 3050 3560 4070 3040 2529 1414 1000 782 
0 3549 4059 2539 3049 3559 1997 2207 2260 3048 3000 2044 2500 1989 1542 1434 5070 4560 4050 3540 2121 1260 707 1138 4570 4060 3550 3040 2530 0 500 1020 5070 4560 4050 3540 2520 260 509 1138 5570 5060 4550 3530 3020 
0 3380 3890 3390 2880 3390 2909 3254 3013 2413 2500 1872 2000 1784 1033 1138 5570 5060 4550 4040 3530 3020 250 509 5070 4560 4050 3540 3030 500 0 260 5570 5060 4550 4040 3020 727 520 509 6070 5560 5050 4030 3520 
0 3510 3000 3520 3010 2500 3258 3445 2995 2422 2000 1880 1500 1919 1104 1000 6070 5560 5050 4540 4030 3520 509 500 5570 5060 4550 4040 3530 1020 260 0 6110 5600 5090 4580 3560 1118 494 250 6610 6100 5590 4570 4060 
0 8600 9110 7590 8100 8610 7111 6982 7374 7823 8109 6996 7609 6941 6494 7110 1000 1118 1414 2529 3040 3550 6495 6610 500 707 1118 2029 2540 5070 5570 6110 0 250 700 1500 2550 4590 5100 5610 250 494 1118 2540 3050 
0 8090 8600 7080 7590 8100 6601 6472 6864 7313 7600 6486 7100 6431 5984 6600 1118 1000 1118 1414 2529 3040 5985 6100 707 500 494 1118 2029 4560 5060 5600 250 0 250 1000 2039 4080 4590 5100 494 500 707 2029 2540 
0 7580 8090 6570 7080 7590 6091 5962 6354 6803 7090 5976 6590 5921 5474 6090 1414 1118 1000 1118 1414 2529 5475 5590 1118 494 250 707 1118 4050 4550 5090 700 250 0 500 1500 3570 4080 4590 1118 707 500 1118 2029 
0 7070 7580 6060 6570 7080 5581 5452 5844 6293 6580 5466 6080 5411 4964 5580 2529 1414 1118 700 1118 1414 4965 5080 2029 1118 707 250 707 3540 4040 4580 1500 1000 500 0 1000 3060 3570 4080 2029 1118 707 353 782 
0 6050 6559 5040 5550 6060 4561 4432 4824 5273 5560 4446 5060 4391 3944 4560 3550 3040 2529 1414 782 1000 3945 4060 3050 2540 2029 1118 353 2520 3020 3560 2550 2039 1500 1000 0 2039 2550 3060 3050 2540 2029 494 250 
0 4049 4559 3039 3549 4059 2498 2707 2761 3548 3520 2544 3020 2489 2042 2520 5590 5080 4570 4060 3550 2127 1138 1414 5090 4580 4070 3560 3050 260 727 1118 4590 4080 3570 3060 2039 0 250 700 5090 4580 4070 3050 2540 
0 3880 4390 3890 3380 3890 3409 3754 3513 2913 3010 2372 2510 2257 1870 2010 6100 5590 5080 4570 4060 3550 1020 1118 5600 5090 4580 4070 3560 509 520 494 5100 4590 4080 3570 2550 250 0 250 5600 5090 4580 3560 3050 
0 4010 3500 4020 3510 3000 3758 3945 3495 2922 2500 2380 2000 2366 1920 1500 6610 6100 5590 5080 4570 4060 1138 1000 6110 5600 5090 4580 4070 1138 509 250 5610 5100 4590 4080 3060 700 250 0 6110 5600 5090 4070 3560 
0 9100 9610 8090 8600 9110 7611 7482 7874 8323 8610 7496 8109 7441 6994 7610 1500 2010 2520 3029 3540 4050 6995 7110 1000 1118 1414 2529 3040 5570 6070 6610 250 494 1118 2029 3050 5090 5600 6110 0 250 700 2039 2550 
0 8590 9100 7580 8090 8600 7101 6972 7364 7813 8100 6986 7600 6931 6484 7100 2010 1500 2010 2520 3029 3540 6485 6600 1118 1000 1118 1414 2529 5060 5560 6100 494 500 707 1118 2540 4580 5090 5600 250 0 250 1500 2039 
0 8080 8590 7070 7580 8090 6591 6462 6854 7303 7590 6476 7090 6421 5974 6590 2520 2010 1500 2010 2520 3029 5975 6090 1414 1118 1000 1118 1414 4550 5050 5590 1118 707 500 707 2029 4070 4580 5090 700 250 0 1000 1500 
0 7059 7570 6050 6559 7070 5571 5442 5834 6283 6570 5456 6070 5401 4954 5570 3540 3029 2520 2010 1500 2010 4955 5070 3040 2529 1414 782 1000 3530 4030 4570 2540 2029 1118 353 494 3050 3560 4070 2039 1500 1000 0 250 
0 6550 7059 5540 6050 6559 5061 4932 5324 5773 6060 4946 5560 4891 4444 5060 4050 3540 3029 2520 2010 1500 4445 4560 3550 3040 2529 1414 782 3020 3520 4060 3050 2540 2029 782 250 2540 3050 3560 2550 2039 1500 250 0 
EOF