NAME : coverage_path
TYPE : ATSP
DIMENSION : 28
EDGE_WEIGHT_TYPE : EXPLICIT
EDGE_WEIGHT_FORMAT : FULL_MATRIX
EDGE_WEIGHT_SECTION
0 3046 101233 4911 3502 5623 4630 3645 154 2813 241 2240 2745 5852 4937 4101 3485 3411 6307 5513 4851 4432 4388 6926 6248 5720 5409 5378 
0 0 2675 2785 131 1424 959 378 508 237 1075 140000 140000 2341 1265 1000 953 1447 2841 2245 1480 1449 1947 3341 2745 2151 1937 2447 
0 2675 0 126 3363 3656 3060 2577 659 2214 355 595 100000 4156 3560 3077 2689 1897 4656 4060 3577 3189 2397 5156 4560 4077 3689 2897 
0 2785 126 0 3472 3765 3170 2687 1792 2323 912 711 100000 4265 3670 3187 2799 2135 4765 4170 3687 3299 2635 5265 4670 4187 3799 3135 
0 131 3363 3472 0 1275 775 194 898 396 1802 200000 200000 1482 1073 632 995 1908 2578 1516 1402 1462 2408 3078 2482 1888 2398 2908 
0 1424 3656 3765 1275 0 250 1020 1905 1480 2424 200000 200000 250 494 1118 2029 2540 700 1118 1414 2529 3040 1500 2010 2520 3029 3540 
0 959 3060 3170 775 250 0 520 1395 980 1914 200000 200000 494 250 494 1118 2029 1118 1000 1118 1414 2529 2010 1500 2010 2520 3029 
0 378 2577 2687 194 1020 520 0 895 461 1361 200000 1071 1138 509 260 727 1138 1434 1138 1020 1138 1434 2510 2000 1500 2010 2520 
0 508 659 1792 898 1905 1395 895 0 660 143 171 248 2405 1571 1070 684 802 2905 2395 1461 1182 1253 3405 2895 2395 1553 1829 
0 237 2214 2323 396 1480 980 461 660 0 482 463 345 1892 1084 670 481 814 2392 1377 1084 980 1220 2892 2382 1882 1480 1985 
0 1075 355 912 1802 2424 1914 1361 143 482 0 156 100 2924 2414 1230 554 247 3424 2914 1495 1162 987 3924 3414 2914 2072 1484 
0 140000 595 711 200000 200000 200000 200000 171 463 156 0 181 200000 200000 1242 585 362 200000 200000 200000 1291 1222 200000 200000 200000 200000 200000 
0 140000 100000 100000 200000 200000 200000 1071 248 345 100 181 0 200000 1519 1038 414 181 200000 200000 1295 977 861 200000 200000 200000 1436 1360 
0 2341 4156 4265 1482 250 494 1138 2405 1892 2924 200000 200000 0 500 1000 1500 2039 250 707 1118 2029 2540 700 1118 1414 2529 3040 
0 1265 3560 3670 1073 494 250 509 1571 1084 2414 200000 1519 500 0 250 1000 1500 707 500 707 1118 2029 1118 1000 1118 1414 2529 
0 1000 3077 3187 632 1118 494 260 1070 670 1230 1242 1038 1000 250 0 500 1000 1118 707 500 707 1118 1414 1118 1000 1118 1414 
0 953 2689 2799 995 2029 1118 727 684 481 554 585 414 1500 1000 500 0 250 2029 1118 707 250 494 2529 1414 1118 1000 1118 
0 1447 1897 2135 1908 2540 2029 1138 802 814 247 362 181 2039 1500 1000 250 0 2540 2029 1118 494 500 3040 2529 1414 1118 1000 
0 2841 4656 4765 2578 700 1118 1434 2905 2392 3424 200000 200000 250 707 1118 2029 2540 0 500 1000 1500 2039 250 494 1118 2029 2540 
0 2245 4060 4170 1516 1118 1000 1138 2395 1377 2914 200000 200000 707 500 707 1118 2029 500 0 250 1000 1500 494 250 494 1118 2029 
0 1480 3577 3687 1402 1414 1118 1020 1461 1084 1495 200000 1295 1118 707 500 707 1118 1000 250 0 500 1000 1118 494 250 494 1118 
0 1449 3189 3299 1462 2529 1414 1138 1182 980 1162 1291 977 2029 1118 707 250 494 1500 1000 500 0 250 2029 1118 707 500 494 
0 1947 2397 2635 2408 3040 2529 1434 1253 1220 987 1222 861 2540 2029 1118 494 500 2039 1500 1000 250 0 2540 2029 1118 494 250 
0 3341 5156 5265 3078 1500 2010 2510 3405 2892 3924 200000 200000 700 1118 1414 2529 3040 250 494 1118 2029 2540 0 250 1000 1500 2039 
0 2745 4560 4670 2482 2010 1500 2000 2895 2382 3414 200000 200000 1118 1000 1118 1414 2529 494 250 494 1118 2029 250 0 500 1000 1500 
0 2151 4077 4187 1888 2520 2010 1500 2395 1882 2914 200000 200000 1414 1118 1000 1118 1414 1118 494 250 707 1118 1000 500 0 250 700 
0 1937 3689 3799 2398 3029 2520 2010 1553 1480 2072 200000 1436 2529 1414 1118 1000 1118 2029 1118 494 500 494 1500 1000 250 0 250 
0 2447 2897 3135 2908 3540 3029 2520 1829 1985 1484 200000 1360 3040 2529 1414 1118 1000 2540 2029 1118 494 250 2039 1500 700 250 0 
EOF