NAME : coverage_path
TYPE : ATSP
DIMENSION : 77
EDGE_WEIGHT_TYPE : EXPLICIT
EDGE_WEIGHT_FORMAT : FULL_MATRIX
EDGE_WEIGHT_SECTION
0 8365 8148 8090 8194 7417 7160 7090 7214 7520 6490 6177 6090 6244 6615 5604 5205 5091 5292 5758 4795 4258 4093 4380 4991 4153 3386 3177 3577 4402 4375 3860 139 3033 3188 101167 4166 83402 4239 67407 4110 4070 262 3422 282 3259 4666 4095 100817 3993 101003 4161 4399 5151 101962 5719 6595 5454 5035 4915 5127 5614 6283 7062 6330 6004 5914 6074 6459 7017 7251 6986 6913 7042 7358 7830 8424 
0 0 250 1000 1500 250 494 1118 2029 2540 700 1118 1414 2529 3040 1500 2010 2520 3029 3540 2000 2510 3020 3529 4040 2500 3010 3680 4258 4540 4149 3000 3664 3477 4625 5160 4920 4660 4462 4075 3917 3500 4125 4057 4480 4709 4000 4524 4892 5204 5473 5461 5706 6213 6376 6593 7338 4500 5024 5571 6099 6513 7053 7799 5000 5524 6071 6599 7013 7553 5500 6024 6571 7099 7513 8053 8799 
0 250 0 500 1000 494 250 494 1118 2029 1118 1000 1118 1414 2529 2010 1500 2010 2520 3029 2510 2000 2510 3020 3529 3010 2500 3170 3748 4029 3730 3510 4174 2967 4115 4650 4410 4241 4043 3739 3581 4010 3780 3547 3970 4199 4510 4014 4382 4694 4963 4951 5196 5703 5866 6083 6828 5010 4514 5061 5589 6003 6543 7289 5510 5014 5561 6089 6503 7043 6010 5514 6061 6589 7003 7543 8289 
0 1000 500 0 250 1118 494 250 494 1118 1414 1118 1000 1118 1414 2520 2010 1500 2010 2520 3020 2510 2000 2510 3020 3520 3010 2660 3238 3520 3311 4020 3349 3477 3605 4140 3900 3822 3623 3403 3245 4520 3691 4057 3460 3689 5020 4524 3872 4184 4453 4441 4686 5193 5356 5573 6318 5520 5024 4551 5079 5493 6033 6779 6020 5524 5051 5579 5993 6533 6520 6024 5551 6079 6493 7033 7779 
0 1500 1000 250 0 2029 1118 494 250 494 2529 1414 1118 1000 1118 3029 2520 2010 1500 2010 3529 3020 2510 2000 2510 4029 3520 3170 2728 3010 2892 4530 3859 3987 3095 3630 3390 3403 3204 3066 2909 5030 4201 4567 3970 4199 5530 5034 4382 4694 3943 3931 4176 4683 4846 5063 5808 6030 5534 5061 4569 4983 5523 6269 6530 6034 5561 5069 5483 6023 7030 6534 6061 5569 5983 6523 7269 
0 250 494 1118 2029 0 500 1000 1500 2039 250 494 1118 2029 2540 1000 1118 1414 2529 3040 1500 2010 2520 3029 3540 2000 2510 3180 3758 4040 3738 2500 3164 2977 4125 4660 4420 4249 4051 3745 3588 3000 3625 3557 3980 4209 3500 4024 4392 4704 4973 4961 5206 5713 5876 6093 6838 4000 4524 5071 5599 6013 6553 7299 4500 5024 5571 6099 6513 7053 5000 5524 6071 6599 7013 7553 8299 
0 494 250 494 1118 500 0 250 1000 1500 707 500 707 1118 2029 1118 1000 1118 1414 2529 2010 1500 2010 2520 3029 2510 2000 2670 3248 3529 3319 3010 3674 2467 3615 4150 3910 3830 3632 3409 3252 3510 3280 3047 3470 3699 4010 3514 3882 4194 4463 4451 4696 5203 5366 5583 6328 4510 4014 4561 5089 5503 6043 6789 5010 4514 5061 5589 6003 6543 5510 5014 5561 6089 6503 7043 7789 
0 1118 494 250 494 1000 250 0 500 1000 1118 707 500 707 1118 1414 1118 1000 1118 1414 2520 2010 1500 2010 2520 3020 2510 2160 2738 3020 2900 3520 2849 2977 3105 3640 3400 3411 3213 3073 2915 4020 3191 3557 2960 3189 4520 4024 3372 3684 3953 3941 4186 4693 4856 5073 5818 5020 4524 4051 4579 4993 5533 6279 5520 5024 4551 5079 5493 6033 6020 5524 5051 5579 5993 6533 7279 
0 2029 1118 494 250 1500 1000 500 0 250 2029 1118 707 500 494 2529 1414 1118 1000 1118 3029 2520 2010 1500 2010 3529 3020 2670 2228 2510 2481 4029 3359 3487 2595 3130 2890 2992 2794 2737 2579 4530 3701 4067 3470 3699 5030 4534 3882 4194 3443 3431 3676 4183 4346 4563 5308 5530 5034 4561 4069 4483 5023 5769 6030 5534 5061 4569 4983 5523 6530 6034 5561 5069 5483 6023 6769 
0 2540 2029 1118 494 2039 1500 1000 250 0 2540 2029 1118 707 250 3040 2529 1414 1118 700 3540 3029 2520 2010 1500 4040 3530 3180 2738 2000 2062 4540 3869 3997 3105 2620 2380 2573 2374 2400 2243 5040 4211 4577 3980 4209 5540 5044 4392 4704 3953 3941 4186 4693 3836 4053 4798 6040 5544 5071 4579 4993 4513 5259 6540 6044 5571 5079 5493 5013 7040 6544 6071 5579 5993 5513 6259 
0 700 1118 1414 2529 250 707 1118 2029 2540 0 250 700 1500 2039 500 707 1118 2029 2540 1000 1118 1414 2529 3040 1500 2010 2680 3258 3540 3328 2000 2664 2477 3625 4160 3920 3838 3640 3416 3258 2500 3125 3057 3480 3709 3000 3524 3892 4204 4473 4461 4706 5213 5376 5593 6338 3500 4024 4571 5099 5513 6053 6799 4000 4524 5071 5599 6013 6553 4500 5024 5571 6099 6513 7053 7799 
0 1118 1000 1118 1414 494 500 707 1118 2029 250 0 250 700 1500 707 500 707 1118 2029 1118 1000 1118 1414 2529 2010 1500 2170 2748 3029 2908 2510 3174 1967 3115 3650 3410 3419 3221 3080 2922 3010 2780 2547 2970 3199 3510 3014 3382 3694 3963 3951 4196 4703 4866 5083 5828 4010 3514 4061 4589 5003 5543 6289 4510 4014 4561 5089 5503 6043 5010 4514 5061 5589 6003 6543 7289 
0 1414 1118 1000 1118 1118 707 500 707 1118 700 250 0 250 1000 1118 707 500 494 1118 1414 1118 1000 1118 1414 2520 2010 1480 2238 2520 2489 3020 2349 2477 2605 3140 2900 3000 2802 2743 2586 3520 2691 3057 2460 2689 4020 3524 2872 3184 3453 3441 3686 4193 4356 4573 5318 4520 4024 3551 4079 4493 5033 5779 5020 4524 4051 4579 4993 5533 5520 5024 4551 5079 5493 6033 6779 
0 2529 1414 1118 1000 2029 1118 707 500 707 1500 700 250 0 500 2029 1118 494 250 707 2529 1414 1118 1000 1118 3029 2520 2170 1728 2010 2070 3529 2859 2987 2095 2630 2390 2581 2383 2407 2249 4029 3201 3567 2970 3199 4530 4034 3382 3694 2943 2931 3176 3683 3846 4063 4808 5030 4534 4061 3569 3983 4523 5269 5530 5034 4561 4069 4483 5023 6030 5534 5061 4569 4983 5523 6269 
0 3040 2529 1414 1118 2540 2029 1118 494 250 2039 1500 1000 500 0 2540 2029 1118 707 250 3040 2529 1414 1118 700 3540 3030 2680 2238 1500 1651 4040 3369 3497 2605 2120 1880 2162 1964 2071 1913 4540 3711 4077 3480 3709 5040 4544 3892 4204 3453 3441 3686 4193 3336 3553 4298 5540 5044 4571 4079 4493 4013 4759 6040 5544 5071 4579 4993 4513 6540 6044 5571 5079 5493 5013 5759 
0 1500 2010 2520 3029 1000 1118 1414 2529 3040 500 707 1118 2029 2540 0 250 700 1500 2039 500 707 1118 2029 2540 1000 1138 1406 2758 3040 2917 1500 2164 1977 3125 3660 3420 3427 3229 3086 2928 2000 2625 2557 2980 3209 2500 3024 3392 3704 3973 3961 4206 4713 4876 5093 5838 3000 3524 4071 4599 5013 5553 6299 3500 4024 4571 5099 5513 6053 4000 4524 5071 5599 6013 6553 7299 
0 2010 1500 2010 2520 1118 1000 1118 1414 2529 707 500 707 1118 2029 250 0 250 700 1500 707 500 707 1118 2029 1118 1020 1102 1434 2529 2498 2010 2674 1482 2615 3150 2910 3008 2810 2750 2592 2510 2280 2047 2470 2699 3010 2514 2882 3194 3463 3451 3696 4203 4366 4583 5328 3510 3014 3561 4089 4503 5043 5789 4010 3514 4061 4589 5003 5543 4510 4014 4561 5089 5503 6043 6789 
0 2520 2010 1500 2010 1414 1118 1000 1118 1414 1118 707 500 494 1118 700 250 0 250 1000 1118 707 500 707 1118 1414 1138 980 1138 1414 2078 2520 1849 1977 2105 2640 2400 2589 2391 2414 2256 3020 2191 2557 1960 2189 3520 3024 2372 2684 2953 2941 3186 3693 3856 4073 4818 4020 3524 3051 3579 3993 4533 5279 4520 4024 3551 4079 4493 5033 5020 4524 4051 4579 4993 5533 6279 
0 3029 2520 2010 1500 2529 1414 1118 1000 1118 2029 1118 494 250 707 1500 700 250 0 500 2029 1118 707 500 707 2529 1434 1102 1020 1118 1162 3029 2359 2487 1595 2130 1487 2170 1972 2077 1920 3529 2701 3067 2470 2699 4029 3534 2882 3194 2443 2431 2676 3183 3346 3563 4308 4530 4034 3561 3069 3483 4023 4769 5030 4534 4061 3569 3983 4523 5530 5034 4561 4069 4483 5023 5769 
0 3540 3029 2520 2010 3040 2529 1414 1118 700 2540 2029 1118 707 250 2039 1500 1000 500 0 2540 2029 1118 494 250 3040 2530 1406 1138 1000 918 3540 2869 2997 2105 1620 1400 1751 1222 1741 1583 4040 3211 3577 2980 3209 4540 4044 3392 3704 2953 2941 3186 3693 2836 3053 3798 5040 4544 4071 3579 3993 3513 4259 5540 5044 4571 4079 4493 4013 6040 5544 5071 4579 4993 4513 5259 
0 2000 2510 3020 3529 1500 2010 2520 3029 3540 1000 1118 1414 2529 3040 500 707 1118 2029 2540 0 350 1000 1500 2039 250 363 1120 2258 2540 2506 700 1664 1067 2625 3160 2920 3016 2818 2756 2599 1500 2125 2057 2480 2709 2000 2524 2892 3204 3473 3461 3706 4213 4376 4593 5338 2500 3024 3571 4099 4513 5053 5799 3000 3524 4071 4599 5013 5553 3500 4024 4571 5099 5513 6053 6799 
0 2510 2000 2510 3020 2010 1500 2010 2520 3029 1118 1000 1118 1414 2529 707 500 707 1118 2029 350 0 250 700 1500 707 260 699 1138 2029 2087 1118 2174 983 2115 2650 2410 2597 2399 2420 2263 2010 1555 1547 1970 2199 2510 2014 2382 2694 2963 2951 3196 3703 3866 4083 4828 3010 2514 3061 3589 4003 4543 5289 3510 3014 3561 4089 4503 5043 4010 3514 4061 4589 5003 5543 6289 
0 3020 2510 2000 2510 2520 2010 1500 2010 2520 1414 1118 1000 1118 1414 1118 707 500 707 1118 1000 250 0 250 700 1118 509 480 727 1118 1668 1414 1064 1141 1605 2140 1352 2178 1980 2084 1926 2520 1480 2057 1460 1689 3020 2524 1872 2184 2453 2441 2686 3193 3356 3573 4318 3520 3024 2551 3079 3493 4033 4779 4020 3524 3051 3579 3993 4533 4520 4024 3551 4079 4493 5033 5779 
0 3529 3020 2510 2000 3029 2520 2010 1500 2010 2529 1414 1118 1000 1118 2029 1118 707 500 494 1500 700 250 0 250 2029 1138 699 520 707 918 2529 1300 1987 1095 1388 1032 1233 1111 1748 1590 3029 2201 2567 1970 2199 3529 3034 2382 2694 1943 1931 2176 2683 2846 3063 3808 4029 3534 3061 2569 2983 3523 4269 4530 4034 3561 3069 3483 4023 5030 4534 4061 3569 3983 4523 5269 
0 4040 3529 3020 2510 3540 3029 2520 2010 1500 3040 2529 1414 1118 700 2540 2029 1118 707 250 2039 1500 700 250 0 2540 2030 1120 727 500 581 3040 2369 2497 1605 1262 900 1030 848 1411 911 3540 2711 3077 2480 2709 4040 3544 2892 3204 2453 2441 2686 3193 2336 2553 3298 4540 4044 3571 3079 3493 3013 3759 5040 4544 4071 3579 3993 3513 5540 5044 4571 4079 4493 4013 4759 
0 2500 3010 3520 4029 2000 2510 3020 3529 4040 1500 2010 2520 3029 3540 1000 1118 1414 2529 3040 250 707 1118 2029 2540 0 364 1020 1327 2065 2116 250 815 450 2000 2549 2445 2472 2550 2313 2453 1000 1152 1141 1326 1429 1500 2010 2792 2471 3055 3292 3202 3773 3969 4336 4836 2000 2510 3020 3530 4040 4550 5060 2500 3010 3520 4030 4540 5050 3000 3510 4020 4530 5040 5550 6060 
0 3010 2500 3010 3520 2510 2000 2510 3020 3530 2010 1500 2010 2520 3030 1138 1020 1138 1434 2530 363 260 509 1138 2030 364 0 501 1000 1565 1705 727 850 466 1500 2214 1945 2197 2275 2092 2232 1138 980 1043 1134 1259 2000 1513 2296 1975 2559 2796 2706 3277 3460 3840 4340 2500 2013 2523 3033 3543 4053 4563 3000 2513 3023 3533 4043 4553 3500 3013 3523 4033 4543 5053 5563 
0 3680 3170 2660 3170 3180 2670 2160 2670 3180 2680 2170 1480 2170 2680 1406 1102 980 1102 1406 1120 699 480 699 1120 1020 501 0 250 1020 1273 871 308 441 682 1409 1084 1784 1586 1768 1610 2025 1018 1270 1052 1216 2525 2038 1361 1524 1475 1712 1622 2193 2876 3093 3839 3025 2538 1891 2004 2493 3553 4299 3525 3038 2391 2504 2993 4053 4025 3538 2891 3004 3493 4553 5299 
0 4258 3748 3238 2728 3758 3248 2738 2228 2738 3258 2748 2238 1728 2238 2758 1434 1138 1020 1138 2258 1138 727 520 727 1327 1000 250 0 520 838 1827 660 904 183 658 439 930 879 1562 1404 2327 1245 1499 1198 1354 2827 2341 1325 1826 1511 1203 1448 1955 2564 2781 3527 3327 2841 2194 1841 2255 3241 3987 3827 3341 2694 2341 2755 3741 4327 3841 3194 2841 3255 4241 4987 
0 4540 4029 3520 3010 4040 3529 3020 2510 2000 3540 3029 2520 2010 1500 3040 2529 1414 1118 1000 2540 2029 1118 707 500 2065 1565 1020 520 0 205 2669 1412 2367 453 382 200 461 372 893 743 2970 2345 2548 1963 2179 3470 2937 2375 2687 1850 1837 2082 2616 1515 2053 2798 3970 3437 3054 2475 3023 2513 3259 4470 3937 3554 2975 3523 3013 4970 4437 4054 3475 4023 3513 4259 
0 4149 3730 3311 2892 3738 3319 2900 2481 2062 3328 2908 2489 2070 1651 2917 2498 2078 1162 918 2506 2087 1668 918 581 2116 1705 1273 838 205 0 3179 2514 2877 1089 609 453 281 164 440 314 3480 2855 3058 2473 2689 3980 3447 2885 3197 2360 2347 2592 2106 1355 1543 2288 4480 3947 3564 2985 2513 2003 2749 4980 4447 4064 3485 3013 2503 5480 4947 4564 3985 3513 3003 3749 
0 3000 3510 4020 4530 2500 3010 3520 4029 4540 2000 2510 3020 3529 4040 1500 2010 2520 3029 3540 700 1118 1414 2529 3040 250 727 871 1827 2669 3179 0 489 221 2500 2049 2289 2061 2139 1984 2124 500 802 704 997 1057 1000 1118 1495 1435 2555 2792 2702 3273 3469 3836 4336 1500 2010 2520 3030 3540 4050 4560 2000 2510 3020 3530 4040 4550 2500 3010 3520 4030 4540 5050 5560 
0 3664 4174 3349 3859 3164 3674 2849 3359 3869 2664 3174 2349 2859 3369 2164 2674 1849 2359 2869 1664 2174 1064 1300 2369 815 850 308 660 1412 2514 489 0 586 1664 700 1624 757 1593 772 1685 1094 105 331 181 467 1336 1039 482 1111 576 1275 1353 2281 1343 2844 3344 2164 1434 1516 2026 2536 3046 3556 2664 1934 2016 2526 3036 3546 3164 2434 2516 3026 3536 4046 4556 
0 3477 2967 3477 3987 2977 2467 2977 3487 3997 2477 1967 2477 2987 3497 1977 1482 1977 2487 2997 1067 983 1141 1987 2497 450 466 441 904 2367 2877 221 586 0 1967 1747 1987 1813 1891 1784 1924 704 259 290 478 557 1141 1063 1173 1207 1358 2329 2239 2810 2993 3373 3873 1922 1547 2057 2567 3077 3587 4097 2422 2047 2557 3067 3577 4087 2922 2547 3057 3567 4077 4587 5097 
0 4625 4115 3605 3095 4125 3615 3105 2595 3105 3625 3115 2605 2095 2605 3125 2615 2105 1595 2105 2625 2115 1605 1095 1605 2000 1500 682 183 453 1089 2500 1664 1967 0 310 190 887 723 1041 936 2694 1701 2241 1469 1699 3194 2708 1882 2193 1582 1570 1815 2322 1823 2039 2539 3694 3208 2561 2208 2622 2500 3074 4194 3708 3061 2708 3122 3000 4694 4208 3561 3208 3622 3500 4074 
0 5160 4650 4140 3630 4660 4150 3640 3130 2620 4160 3650 3140 2630 2120 3660 3150 2640 2130 1620 3160 2650 2140 1388 1262 2549 2214 1409 658 382 609 2049 700 1747 310 0 368 71 227 178 364 2350 715 1928 633 1347 2850 2317 504 1376 516 914 1139 1945 302 663 1219 3350 2817 2434 1553 2352 1430 2577 3850 3317 2934 2355 2852 2342 4350 3817 3434 2855 3352 2842 3577 
0 4920 4410 3900 3390 4420 3910 3400 2890 2380 3920 3410 2900 2390 1880 3420 2910 2400 1487 1400 2920 2410 1352 1032 900 2445 1945 1084 439 200 453 2289 1624 1987 190 368 0 207 205 412 342 2590 1492 2168 1360 1480 3090 2557 1193 2307 1265 1092 1352 2223 826 884 2159 3590 3057 2674 2095 2630 2120 2694 4090 3557 3174 2595 3130 2620 4590 4057 3674 3095 3630 3120 3694 
0 4660 4241 3822 3403 4249 3830 3411 2992 2573 3838 3419 3000 2581 2162 3427 3008 2589 2170 1751 3016 2597 2178 1233 1030 2472 2197 1784 930 461 281 2061 757 1813 887 71 207 0 239 121 243 2894 1134 2472 943 2103 3780 3270 671 2711 1112 1761 2055 1485 178 441 1053 3932 3422 2912 2402 1892 1362 1480 4432 3922 3412 2902 2392 1882 4932 4422 3912 3402 2892 2382 3117 
0 4462 4043 3623 3204 4051 3632 3213 2794 2374 3640 3221 2802 2383 1964 3229 2810 2391 1972 1222 2818 2399 1980 1111 848 2550 2275 1586 879 372 164 2139 1593 1891 723 227 205 239 0 253 178 3132 2506 2710 2124 2341 4018 3508 2725 2949 2462 1998 2293 1723 475 579 1275 4170 3660 3150 2640 2130 1620 2194 4670 4160 3650 3140 2630 2120 5170 4660 4150 3640 3130 2620 3194 
0 4075 3739 3403 3066 3745 3409 3073 2737 2400 3416 3080 2743 2407 2071 3086 2750 2414 2077 1741 2756 2420 2084 1748 1411 2313 2092 1768 1562 893 440 1984 772 1784 1041 178 412 121 253 0 100 3210 1292 2789 1101 2420 4515 4005 1611 3447 1480 2077 2791 2220 406 1147 946 4677 4167 3657 3147 2637 1630 1432 5177 4667 4157 3647 3137 2627 5677 5167 4657 4147 3637 3127 2617 
0 3917 3581 3245 2909 3588 3252 2915 2579 2243 3258 2922 2586 2249 1913 2928 2592 2256 1920 1583 2599 2263 1926 1590 911 2453 2232 1610 1404 743 314 2124 1685 1924 936 364 342 243 178 100 0 3463 2838 3041 2456 2672 4349 3839 3057 3281 2794 2330 2625 2054 967 1279 1261 4714 4204 3694 3184 2674 2164 1654 5214 4704 4194 3684 3174 2664 5714 5204 4694 4184 3674 3164 2654 
0 3500 4010 4520 5030 3000 3510 4020 4530 5040 2500 3010 3520 4029 4540 2000 2510 3020 3529 4040 1500 2010 2520 3029 3540 1000 1138 2025 2327 2970 3480 500 1094 704 2694 2350 2590 2894 3132 3210 3463 0 342 221 602 585 250 494 1387 1121 2055 2292 2202 2773 2969 3336 3836 1000 1118 1414 2529 3040 3550 4060 1500 2010 2520 3029 3540 4050 2000 2510 3020 3529 4040 4550 5060 
0 4125 3780 3691 4201 3625 3280 3191 3701 4211 3125 2780 2691 3201 3711 2625 2280 2191 2701 3211 2125 1555 1480 2201 2711 1152 980 1018 1245 2345 2855 802 105 259 1701 715 1492 1134 2506 1292 2838 342 0 268 49 138 629 621 242 482 434 1084 1064 1938 1172 2502 3002 1285 1111 1152 1433 2194 2704 3214 2125 1592 1674 2184 2694 3204 2625 2092 2174 2684 3194 3704 4214 
0 4057 3547 4057 4567 3557 3047 3557 4067 4577 3057 2547 3057 3567 4077 2557 2047 2557 3067 3577 2057 1547 2057 2567 3077 1141 1043 1270 1499 2548 3058 704 331 290 2241 1928 2168 2472 2710 2789 3041 221 268 0 210 199 450 487 602 515 1095 1275 1358 2230 2413 2793 3293 1067 983 1141 1465 2497 3007 3517 1922 1482 1977 2487 2997 3507 2422 1967 2477 2987 3497 4007 4517 
0 4480 3970 3460 3970 3980 3470 2960 3470 3980 3480 2970 2460 2970 3480 2980 2470 1960 2470 2980 2480 1970 1460 1970 2480 1326 1134 1052 1198 1963 2473 997 181 478 1469 633 1360 943 2124 1101 2456 602 49 210 0 164 997 624 125 297 237 621 613 1476 913 1956 2456 1326 1076 768 1296 1693 2416 2916 2507 1974 1591 1704 2193 2916 3007 2474 2091 2204 2693 3416 3916 
0 4709 4199 3689 4199 4209 3699 3189 3699 4209 3709 3199 2689 3199 3709 3209 2699 2189 2699 3209 2709 2199 1689 2199 2709 1429 1259 1216 1354 2179 2689 1057 467 557 1699 1347 1480 2103 2341 2420 2672 585 138 199 164 0 889 473 230 206 446 615 583 1638 2044 2202 2702 1180 912 618 1149 1552 2404 2914 2425 1393 1374 1884 2394 2904 2925 2392 1874 2384 2894 3404 3914 
0 4000 4510 5020 5530 3500 4010 4520 5030 5540 3000 3510 4020 4530 5040 2500 3010 3520 4029 4540 2000 2510 3020 3529 4040 1500 2000 2525 2827 3470 3980 1000 1336 1141 3194 2850 3090 3780 4018 4515 4349 250 629 450 997 889 0 250 1292 980 1360 1792 1484 2273 3104 2836 3336 500 494 1118 2029 2540 3050 3560 1000 1118 1414 2529 3040 3550 1500 2010 2520 3029 3540 4050 4560 
0 4524 4014 4524 5034 4024 3514 4024 4534 5044 3524 3014 3524 4034 4544 3024 2514 3024 3534 4044 2524 2014 2524 3034 3544 2010 1513 2038 2341 2937 3447 1118 1039 1063 2708 2317 2557 3270 3508 4005 3839 494 621 487 624 473 250 0 842 481 861 1273 987 1763 2594 2326 2826 494 250 707 1118 2029 2540 3050 1118 1000 1118 1414 2529 3040 2010 1500 2010 2520 3029 3540 4050 
0 4892 4382 3872 4382 4392 3882 3372 3882 4392 3892 3382 2872 3382 3892 3392 2882 2372 2882 3392 2892 2382 1872 2382 2892 2792 2296 1361 1325 2375 2885 1495 482 1173 1882 504 1193 671 2725 1611 3057 1387 242 602 125 230 1292 842 0 368 47 210 194 981 906 1544 2044 1558 1038 380 766 1053 2004 2504 2292 1429 870 1247 1440 2504 2792 2282 1679 1792 2281 3004 3504 
0 5204 4694 4184 4694 4704 4194 3684 4194 4704 4204 3694 3184 3694 4204 3704 3194 2684 3194 3704 3204 2694 2184 2694 3204 2471 1975 1524 1826 2687 3197 1435 1111 1207 2193 1376 2307 2711 2949 3447 3281 1121 482 515 297 206 980 481 368 0 194 364 253 1154 2058 1789 2289 1084 670 240 729 1157 1991 2501 1377 1084 686 1121 1435 2491 2471 1961 1480 1971 2481 2991 3501 
0 5473 4963 4453 3943 4973 4463 3953 3443 3953 4473 3963 3453 2943 3453 3973 3463 2953 2443 2953 3473 2963 2453 1943 2453 3055 2559 1475 1511 1850 2360 2555 576 1358 1582 516 1265 1112 2462 1480 2794 2055 434 1095 237 446 1360 861 47 194 0 170 100 590 785 1302 1802 1464 1018 658 291 872 1412 2262 2555 1356 1114 1072 1251 2262 3055 2545 1942 1625 2039 2762 3262 
0 5461 4951 4441 3931 4961 4451 3941 3431 3941 4461 3951 3441 2931 3441 3961 3451 2941 2431 2941 3461 2951 2441 1931 2441 3292 2796 1712 1203 1837 2347 2792 1275 2329 1570 914 1092 1761 1998 2077 2330 2292 1084 1275 621 615 1792 1273 210 364 170 0 172 627 1552 1546 2046 2292 1354 953 349 1008 1506 2006 2792 2282 1354 1191 1520 1716 3292 2782 2179 1868 2283 3006 3506 
0 5706 5196 4686 4176 5206 4696 4186 3676 4186 4706 4196 3686 3176 3686 4206 3696 3186 2676 3186 3706 3196 2686 2176 2686 3202 2706 1622 1448 2082 2592 2702 1353 2239 1815 1139 1352 2055 2293 2791 2625 2202 1064 1358 613 583 1484 987 194 253 100 172 0 420 1508 1170 1633 2202 1052 616 201 680 1127 2093 2702 1322 1013 900 1052 1382 3202 2692 1474 1400 1501 2593 3093 
0 6213 5703 5193 4683 5713 5203 4693 4183 4693 5213 4703 4193 3683 4193 4713 4203 3693 3183 3693 4213 3703 3193 2683 3193 3773 3277 2193 1955 2616 2106 3273 2281 2810 2322 1945 2223 1485 1723 2220 2054 2773 1938 2230 1476 1638 2273 1763 981 1154 590 627 420 0 905 566 1077 2340 1830 1064 301 160 603 1064 2840 2330 1300 963 574 963 3340 2830 2320 1412 1320 1412 2523 
0 6376 5866 5356 4846 5876 5366 4856 4346 3836 5376 4866 4356 3846 3336 4876 4366 3856 3346 2836 4376 3866 3356 2846 2336 3969 3460 2876 2564 1515 1355 3469 1343 2993 1823 302 826 178 475 406 967 2969 1172 2413 913 2044 3104 2594 906 2058 785 1552 1508 905 0 169 176 3260 2750 2240 1567 1038 760 536 3760 3250 2740 2230 1429 1243 4260 3750 3240 2730 2220 1710 1933 
0 6593 6083 5573 5063 6093 5583 5073 4563 4053 5593 5083 4573 4063 3553 5093 4583 4073 3563 3053 4593 4083 3573 3063 2553 4336 3840 3093 2781 2053 1543 3836 2844 3373 2039 663 884 441 579 1147 1279 3336 2502 2793 1956 2202 2836 2326 1544 1789 1302 1546 1170 566 169 0 250 3010 2500 1990 1228 699 480 489 3510 3000 2490 1406 1102 980 4010 3500 2990 2480 1970 1480 1960 
0 7338 6828 6318 5808 6838 6328 5818 5308 4798 6338 5828 5318 4808 4298 5838 5328 4818 4308 3798 5338 4828 4318 3808 3298 4836 4340 3839 3527 2798 2288 4336 3344 3873 2539 1219 2159 1053 1275 946 1261 3836 3002 3293 2456 2702 3336 2826 2044 2289 1802 2046 1633 1077 176 250 0 3520 3010 2500 1990 1120 489 240 4020 3510 3000 2490 1406 1102 4520 4010 3500 2990 2480 1970 1480 
0 4500 5010 5520 6030 4000 4510 5020 5530 6040 3500 4010 4520 5030 5540 3000 3510 4020 4530 5040 2500 3010 3520 4029 4540 2000 2500 3025 3327 3970 4480 1500 2164 1922 3694 3350 3590 3932 4170 4677 4714 1000 1285 1067 1326 1180 500 494 1558 1084 1464 2292 2202 2340 3260 3010 3520 0 250 1000 1500 2039 2550 3060 250 707 1118 2029 2540 3050 700 1118 1414 2529 3040 3550 4060 
0 5024 4514 5024 5534 4524 4014 4524 5034 5544 4024 3514 4024 4534 5044 3524 3014 3524 4034 4544 3024 2514 3024 3534 4044 2510 2013 2538 2841 3437 3947 2010 1434 1547 3208 2817 3057 3422 3660 4167 4204 1118 1111 983 1076 912 494 250 1038 670 1018 1354 1052 1830 2750 2500 3010 250 0 500 1000 1500 2039 2550 494 500 707 1118 2029 2540 1118 1000 1118 1414 2529 3040 3550 
0 5571 5061 4551 5061 5071 4561 4051 4561 5071 4571 4061 3551 4061 4571 4071 3561 3051 3561 4071 3571 3061 2551 3061 3571 3020 2523 1891 2194 3054 3564 2520 1516 2057 2561 2434 2674 2912 3150 3657 3694 1414 1152 1141 768 618 1118 707 380 240 658 953 616 1064 2240 1990 2500 1000 500 0 500 1000 1500 2039 1118 707 250 494 1118 2029 1414 1118 1000 1118 1414 2529 3040 
0 6099 5589 5079 4569 5599 5089 4579 4069 4579 5099 4589 4079 3569 4079 4599 4089 3579 3069 3579 4099 3589 3079 2569 3079 3530 3033 2004 1841 2475 2985 3030 2026 2567 2208 1553 2095 2402 2640 3147 3184 2529 1433 1465 1296 1149 2029 1118 766 729 291 349 201 301 1567 1228 1990 1500 1000 500 0 350 1000 1500 2029 1118 707 500 707 1118 2529 1414 1118 1000 1118 1414 2529 
0 6513 6003 5493 4983 6013 5503 4993 4483 4993 5513 5003 4493 3983 4493 5013 4503 3993 3483 3993 4513 4003 3493 2983 3493 4040 3543 2493 2255 3023 2513 3540 2536 3077 2622 2352 2630 1892 2130 2637 2674 3040 2194 2497 1693 1552 2540 2029 1053 1157 872 1008 680 160 1038 699 1120 2039 1500 1000 350 0 500 1000 2540 2029 1118 494 250 707 3040 2529 1414 1118 1000 1118 1414 
0 7053 6543 6033 5523 6553 6043 5533 5023 4513 6053 5543 5033 4523 4013 5553 5043 4533 4023 3513 5053 4543 4033 3523 3013 4550 4053 3553 3241 2513 2003 4050 3046 3587 2500 1430 2120 1362 1620 1630 2164 3550 2704 3007 2416 2404 3050 2540 2004 1991 1412 1506 1127 603 760 480 489 2550 2039 1500 1000 500 0 250 3050 2540 2029 1118 707 250 3550 3040 2529 1414 1118 1000 782 
0 7799 7289 6779 6269 7299 6789 6279 5769 5259 6799 6289 5779 5269 4759 6299 5789 5279 4769 4259 5799 5289 4779 4269 3759 5060 4563 4299 3987 3259 2749 4560 3556 4097 3074 2577 2694 1480 2194 1432 1654 4060 3214 3517 2916 2914 3560 3050 2504 2501 2262 2006 2093 1064 536 489 240 3060 2550 2039 1500 1000 250 0 3560 3050 2540 2029 1118 494 4060 3550 3040 2529 1414 1118 1000 
0 5000 5510 6020 6530 4500 5010 5520 6030 6540 4000 4510 5020 5530 6040 3500 4010 4520 5030 5540 3000 3510 4020 4530 5040 2500 3000 3525 3827 4470 4980 2000 2664 2422 4194 3850 4090 4432 4670 5177 5214 1500 2125 1922 2507 2425 1000 1118 2292 1377 2555 2792 2702 2840 3760 3510 4020 250 494 1118 2029 2540 3050 3560 0 350 1000 1500 2039 2550 250 707 1118 2029 2540 3050 3560 
0 5524 5014 5524 6034 5024 4514 5024 5534 6044 4524 4014 4524 5034 5544 4024 3514 4024 4534 5044 3524 3014 3524 4034 4544 3010 2513 3038 3341 3937 4447 2510 1934 2047 3708 3317 3557 3922 4160 4667 4704 2010 1592 1482 1974 1393 1118 1000 1429 1084 1356 2282 1322 2330 3250 3000 3510 707 500 707 1118 2029 2540 3050 350 0 500 1000 1500 2039 353 250 494 1118 2029 2540 3050 
0 6071 5561 5051 5561 5571 5061 4551 5061 5571 5071 4561 4051 4561 5071 4571 4061 3551 4061 4571 4071 3561 3051 3561 4071 3520 3023 2391 2694 3554 4064 3020 2016 2557 3061 2934 3174 3412 3650 4157 4194 2520 1674 1977 1591 1374 1414 1118 870 686 1114 1354 1013 1300 2740 2490 3000 1118 707 250 707 1118 2029 2540 1000 500 0 250 700 1500 1118 707 500 707 1118 2029 2540 
0 6599 6089 5579 5069 6099 5589 5079 4569 5079 5599 5089 4579 4069 4579 5099 4589 4079 3569 4079 4599 4089 3579 3069 3579 4030 3533 2504 2341 2975 3485 3530 2526 3067 2708 2355 2595 2902 3140 3647 3684 3029 2184 2487 1704 1884 2529 1414 1247 1121 1072 1191 900 963 2230 1406 2490 2029 1118 494 500 494 1118 2029 1500 1000 250 0 250 1000 2029 1118 707 500 707 1118 2029 
0 7013 6503 5993 5483 6513 6003 5493 4983 5493 6013 5503 4993 4483 4993 5513 5003 4493 3983 4493 5013 4503 3993 3483 3993 4540 4043 2993 2755 3523 3013 4040 3036 3577 3122 2852 3130 2392 2630 3137 3174 3540 2694 2997 2193 2394 3040 2529 1440 1435 1251 1520 1052 574 1429 1102 1406 2540 2029 1118 707 250 707 1118 2039 1500 700 250 0 500 2540 2029 1118 707 500 707 1118 
0 7553 7043 6533 6023 7053 6543 6033 5523 5013 6553 6043 5533 5023 4513 6053 5543 5033 4523 4013 5553 5043 4533 4023 3513 5050 4553 4053 3741 3013 2503 4550 3546 4087 3000 2342 2620 1882 2120 2627 2664 4050 3204 3507 2916 2904 3550 3040 2504 2491 2262 1716 1382 963 1243 980 1102 3050 2540 2029 1118 707 250 494 2550 2039 1500 1000 500 0 3050 2540 2029 1118 707 350 353 
0 5500 6010 6520 7030 5000 5510 6020 6530 7040 4500 5010 5520 6030 6540 4000 4510 5020 5530 6040 3500 4010 4520 5030 5540 3000 3500 4025 4327 4970 5480 2500 3164 2922 4694 4350 4590 4932 5170 5677 5714 2000 2625 2422 3007 2925 1500 2010 2792 2471 3055 3292 3202 3340 4260 4010 4520 700 1118 1414 2529 3040 3550 4060 250 353 1118 2029 2540 3050 0 350 1000 1500 2039 2550 3060 
0 6024 5514 6024 6534 5524 5014 5524 6034 6544 5024 4514 5024 5534 6044 4524 4014 4524 5034 5544 4024 3514 4024 4534 5044 3510 3013 3538 3841 4437 4947 3010 2434 2547 4208 3817 4057 4422 4660 5167 5204 2510 2092 1967 2474 2392 2010 1500 2282 1961 2545 2782 2692 2830 3750 3500 4010 1118 1000 1118 1414 2529 3040 3550 707 250 707 1118 2029 2540 350 0 250 700 1500 2039 2550 
0 6571 6061 5551 6061 6071 5561 5051 5561 6071 5571 5061 4551 5061 5571 5071 4561 4051 4561 5071 4571 4061 3551 4061 4571 4020 3523 2891 3194 4054 4564 3520 2516 3057 3561 3434 3674 3912 4150 4657 4694 3020 2174 2477 2091 1874 2520 2010 1679 1480 1942 2179 1474 2320 3240 2990 3500 1414 1118 1000 1118 1414 2529 3040 1118 494 500 707 1118 2029 1000 250 0 250 700 1500 2039 
0 7099 6589 6079 5569 6599 6089 5579 5069 5579 6099 5589 5079 4569 5079 5599 5089 4579 4069 4579 5099 4589 4079 3569 4079 4530 4033 3004 2841 3475 3985 4030 3026 3567 3208 2855 3095 3402 3640 4147 4184 3529 2684 2987 2204 2384 3029 2520 1792 1971 1625 1868 1400 1412 2730 2480 2990 2529 1414 1118 1000 1118 1414 2529 2029 1118 707 500 707 1118 1500 700 250 0 250 700 1500 
0 7513 7003 6493 5983 7013 6503 5993 5483 5993 6513 6003 5493 4983 5493 6013 5503 4993 4483 4993 5513 5003 4493 3983 4493 5040 4543 3493 3255 4023 3513 4540 3536 4077 3622 3352 3630 2892 3130 3637 3674 4040 3194 3497 2693 2894 3540 3029 2281 2481 2039 2283 1501 1320 2220 1970 2480 3040 2529 1414 1118 1000 1118 1414 2540 2029 1118 707 500 707 2039 1500 700 250 0 250 700 
0 8053 7543 7033 6523 7553 7043 6533 6023 5513 7053 6543 6033 5523 5013 6553 6043 5533 5023 4513 6053 5543 5033 4523 4013 5550 5053 4553 4241 3513 3003 5050 4046 4587 3500 2842 3120 2382 2620 3127 3164 4550 3704 4007 3416 3404 4050 3540 3004 2991 2762 3006 2593 1412 1710 1480 1970 3550 3040 2529 1414 1118 1000 1118 3050 2540 2029 1118 707 350 2550 2039 1500 700 250 0 250 
0 8799 8289 7779 7269 8299 7789 7279 6769 6259 7799 7289 6779 6269 5759 7299 6789 6279 5769 5259 6799 6289 5779 5269 4759 6060 5563 5299 4987 4259 3749 5560 4556 5097 4074 3577 3694 3117 3194 2617 2654 5060 4214 4517 3916 3914 4560 4050 3504 3501 3262 3506 3093 2523 1933 1960 1480 4060 3550 3040 2529 1414 782 1000 3560 3050 2540 2029 1118 353 3060 2550 2039 1500 700 250 0 
EOF