NAME : coverage_path
TYPE : ATSP
DIMENSION : 49
EDGE_WEIGHT_TYPE : EXPLICIT
EDGE_WEIGHT_FORMAT : FULL_MATRIX
EDGE_WEIGHT_SECTION
0 106 8251 7252 6253 5255 4258 3347 100960 4188 4762 5760 6758 8294 7303 6316 5337 4375 3466 111 2912 100641 3125 101280 4994 5831 6815 8493 7537 6601 5698 4860 4165 3788 100960 3806 101625 5546 8833 7933 7070 6268 5567 5038 4781 101397 4990 101783 5477 
0 0 3040 2530 2020 1488 993 524 566 1263 1503 2003 2513 3540 3030 2520 1519 1038 572 106 379 176 291 708 1970 2503 3013 4040 3530 3020 2510 1295 977 861 506 906 1336 2626 4540 4030 3520 3010 2500 1436 1360 703 1492 1193 2629 
0 3040 0 250 700 1500 2039 2740 4003 4242 4543 5043 5553 250 494 1118 2029 2540 3040 3565 3546 4232 3977 5035 5274 5696 6206 1000 1118 1414 2529 3040 3550 4060 4640 4360 5487 5720 1500 2010 2520 3029 3540 4050 4560 5145 4987 5605 5579 
0 2530 250 0 250 700 1500 2230 3493 3732 4033 4533 5043 494 500 707 1118 2029 2530 3055 3036 3722 3467 4525 4764 5186 5696 1118 1000 1118 1414 2529 3040 3550 4130 3850 4977 5210 2010 1500 2010 2520 3029 3540 4050 4635 4477 5095 5069 
0 2020 700 250 0 250 700 1480 2983 3222 3523 4023 4533 1118 707 500 707 1118 2020 2545 2526 3212 2957 4015 4254 4676 5186 1414 1118 1000 1118 1414 2529 3040 3620 3340 4467 4700 2520 2010 1500 2010 2520 3029 3540 4125 3967 4585 4559 
0 1488 1500 700 250 0 250 686 2473 2712 3013 3513 4023 2029 1118 707 500 707 1138 2035 2016 2702 2447 3505 3744 4166 4676 2529 1414 1118 1000 1118 1414 2529 3110 2830 3957 4190 3029 2520 2010 1500 2010 2520 3029 3615 3457 4075 4049 
0 993 2039 1500 700 250 0 240 1963 2202 2503 3003 3513 2540 2029 1118 707 500 509 1179 1121 2192 1442 2995 3234 3656 4166 3040 2529 1414 1118 1000 1118 1414 2600 2320 3447 3680 3540 3029 2520 2010 1500 2010 2520 3105 2947 3565 3539 
0 524 2740 2230 1480 686 240 0 1263 1502 1803 2303 2813 3240 2730 2220 1102 699 250 507 515 1198 1037 2533 2772 3194 3704 3740 3230 2720 1406 1120 1020 1156 1475 1305 2976 3208 4240 3730 3220 2710 2200 1538 2048 2634 2476 3094 3068 
0 566 4003 3493 2983 2473 1963 1263 0 152 232 673 1454 4694 4184 3674 3164 2654 2154 482 1170 386 940 118 281 987 1471 5061 4551 4041 3531 3021 2511 1364 318 782 476 988 5561 5051 4541 4031 3521 3011 2501 693 2023 709 1468 
0 1263 4242 3732 3222 2712 2202 1502 152 0 155 576 1322 4975 4465 3955 3445 2935 2435 1163 1386 1046 1196 353 330 1008 1443 5200 4690 4180 3670 3160 2650 2140 847 984 1299 1173 5700 5190 4680 4170 3660 3150 2640 2220 2467 1676 1919 
0 1503 4543 4033 3523 3013 2503 1803 232 155 0 260 714 5098 4588 4078 3568 3058 2558 2033 2070 1231 1404 651 466 727 1138 5511 5001 4491 3981 3471 2961 2451 1329 2151 1040 1012 5847 5337 4827 4317 3807 3297 2787 2202 2382 1742 1959 
0 2003 5043 4533 4023 3513 3003 2303 673 576 260 0 250 5696 5186 4676 4166 3656 3156 2631 2570 1963 2298 955 642 500 494 6181 5671 5161 4651 4141 3631 3121 2541 2821 1191 1076 6595 6085 5575 5065 4555 4045 3535 2949 3129 2489 2707 
0 2513 5553 5043 4533 4023 3513 2813 1454 1322 714 250 0 6206 5696 5186 4676 4166 3666 3141 3080 2473 2808 1370 1048 707 250 6691 6181 5671 5161 4651 4141 3631 3051 3331 1490 1326 7105 6595 6085 5575 5065 4555 4045 3459 3639 2999 3217 
0 3540 250 494 1118 2029 2540 3240 4694 4975 5098 5696 6206 0 250 1000 1500 2039 2540 3065 3046 3732 3477 4535 4774 5196 5706 350 707 1118 2029 2540 3050 3560 4140 3860 4987 5220 1000 1118 1414 2529 3040 3550 4060 4645 4487 5105 5079 
0 3030 494 500 707 1118 2029 2730 4184 4465 4588 5186 5696 250 0 500 1000 1500 2030 2555 2536 3222 2967 4025 4264 4686 5196 353 350 707 1118 2029 2540 3050 3630 3350 4477 4710 1118 1000 1118 1414 2529 3040 3550 4135 3977 4595 4569 
0 2520 1118 707 500 707 1118 2220 3674 3955 4078 4676 5186 1000 500 0 250 700 1520 2045 2026 2712 2457 3515 3754 4176 4686 1118 494 250 707 1118 2029 2540 3120 2840 3967 4200 1414 1118 1000 1118 1414 2529 3040 3625 3467 4085 4059 
0 1519 2029 1118 707 500 707 1102 3164 3445 3568 4166 4676 1500 1000 250 0 250 1020 1535 1480 2202 1947 3005 3244 3666 4176 2029 1118 494 350 707 1118 2029 2610 2330 3457 3690 2529 1414 1118 1000 1118 1414 2529 3115 2957 3575 3549 
0 1038 2540 2029 1118 707 500 699 2654 2935 3058 3656 4166 2039 1500 700 250 0 520 1157 980 1488 1290 2495 2734 3156 3666 2540 2029 1118 353 350 707 1118 2100 1412 2947 3180 3040 2529 1414 1118 1000 1118 1414 2605 2447 3065 3039 
0 572 3040 2530 2020 1138 509 250 2154 2435 2558 3156 3666 2540 2030 1520 1020 520 0 325 230 681 543 1995 2234 2656 3166 3040 2530 2020 1138 727 520 727 1173 943 2437 2670 3540 3030 2520 1434 1138 1020 1138 1386 1418 2555 2529 
0 106 3565 3055 2545 2035 1179 507 482 1163 2033 2631 3141 3065 2555 2045 1535 1157 325 0 288 123 193 611 1468 2131 2641 3565 3055 2545 2035 1340 955 730 402 722 1038 2030 4065 3555 3045 2535 2025 1370 1226 610 1314 1024 2292 
0 379 3546 3036 2526 2016 1121 515 1170 1386 2070 2570 3080 3046 2536 2026 1480 980 230 288 0 257 161 1342 1949 2371 2881 3546 3036 2526 2016 1084 670 481 748 572 1741 1974 4046 3536 3026 2516 1377 1084 980 1066 1137 1881 1475 
0 176 4232 3722 3212 2702 2192 1198 386 1046 1231 1963 2473 3732 3222 2712 2202 1488 681 123 257 0 100 420 1137 1463 1973 4141 3631 3121 2611 1519 1038 592 161 375 534 1247 4641 4131 3621 3111 2601 1295 977 400 920 571 1100 
0 291 3977 3467 2957 2447 1442 1037 940 1196 1404 2298 2808 3477 2967 2457 1947 1290 543 193 161 100 0 1040 1335 1786 2296 3702 3192 2682 2172 1325 852 448 438 342 1258 1440 4202 3692 3182 2672 2162 1152 899 835 933 1262 1198 
0 708 5035 4525 4015 3505 2995 2533 118 353 651 955 1370 4535 4025 3515 3005 2495 1995 611 1342 420 1040 0 322 365 1226 4948 4438 3928 3418 2908 2398 1374 199 534 125 261 5284 4774 4264 3754 3244 2734 2224 579 1302 511 1107 
0 1970 5274 4764 4254 3744 3234 2772 281 330 466 642 1048 4774 4264 3754 3244 2734 2234 1468 1949 1137 1335 322 0 221 940 5265 4755 4245 3735 3225 2715 2205 559 694 296 272 5718 5208 4698 4188 3678 3168 2658 1471 2253 1289 1385 
0 2503 5696 5186 4676 4166 3656 3194 987 1008 727 500 707 5196 4686 4176 3666 3156 2656 2131 2371 1463 1786 365 221 0 500 5681 5171 4661 4151 3641 3131 2621 1512 2321 548 437 6095 5585 5075 4565 4055 3545 3035 2449 2629 1469 2207 
0 3013 6206 5696 5186 4676 4166 3704 1471 1443 1138 494 250 5706 5196 4686 4176 3666 3166 2641 2881 1973 2296 1226 940 500 0 6191 5681 5171 4661 4151 3641 3131 2551 2831 1191 997 6605 6095 5585 5075 4565 4055 3545 2959 3139 2499 2717 
0 4040 1000 1118 1414 2529 3040 3740 5061 5200 5511 6181 6691 350 353 1118 2029 2540 3040 3565 3546 4141 3702 4948 5265 5681 6191 0 250 700 1500 2039 2550 3060 3640 3360 4487 4720 500 707 1118 2029 2540 3050 3560 4145 3987 4605 4579 
0 3530 1118 1000 1118 1414 2529 3230 4551 4690 5001 5671 6181 707 350 494 1118 2029 2530 3055 3036 3631 3192 4438 4755 5171 5681 250 0 250 1000 1500 2039 2550 3130 2850 3977 4210 707 500 707 1118 2029 2540 3050 3635 3477 4095 4069 
0 3020 1414 1118 1000 1118 1414 2720 4041 4180 4491 5161 5671 1118 707 250 494 1118 2020 2545 2526 3121 2682 3928 4245 4661 5171 700 250 0 500 1000 1500 2039 2620 2340 3467 3700 1118 707 500 707 1118 2029 2540 3125 2967 3585 3559 
0 2510 2529 1414 1118 1000 1118 1406 3531 3670 3981 4651 5161 2029 1118 707 350 353 1138 2035 2016 2611 2172 3418 3735 4151 4661 1500 1000 500 0 250 700 1500 2110 1830 2957 3190 2029 1118 707 500 707 1118 2029 2615 2457 3075 3049 
0 1295 3040 2529 1414 1118 1000 1120 3021 3160 3471 4141 4651 2540 2029 1118 707 350 727 1340 1084 1519 1325 2908 3225 3641 4151 2039 1500 1000 250 0 250 700 1600 1320 2447 2680 2540 2029 1118 707 500 707 1118 2105 1947 2565 2539 
0 977 3550 3040 2529 1414 1118 1020 2511 2650 2961 3631 4141 3050 2540 2029 1118 707 520 955 670 1038 852 2398 2715 3131 3641 2550 2039 1500 700 250 0 250 770 574 1937 2170 3050 2540 2029 1118 707 500 707 1120 1107 2055 2029 
0 861 4060 3550 3040 2529 1414 1156 1364 2140 2451 3121 3631 3560 3050 2540 2029 1118 727 730 481 592 448 1374 2205 2621 3131 3060 2550 2039 1500 700 250 0 300 160 1480 1660 3560 3050 2540 2029 1118 707 500 699 736 1265 1152 
0 506 4640 4130 3620 3110 2600 1475 318 847 1329 2541 3051 4140 3630 3120 2610 2100 1173 402 748 161 438 199 559 1512 2551 3640 3130 2620 2110 1600 770 300 0 141 441 1080 4140 3630 3120 2610 2100 1227 812 253 640 414 778 
0 906 4360 3850 3340 2830 2320 1305 782 984 2151 2821 3331 3860 3350 2840 2330 1412 943 722 572 375 342 534 694 2321 2831 3360 2850 2340 1830 1320 574 160 141 0 1160 1360 3860 3350 2840 2330 1412 963 603 501 592 996 905 
0 1336 5487 4977 4467 3957 3447 2976 476 1299 1040 1191 1490 4987 4477 3967 3457 2947 2437 1038 1741 534 1258 125 296 548 1191 4487 3977 3467 2957 2447 1937 1480 441 1160 0 101 4688 4178 3668 3158 2648 2138 1628 523 1171 173 411 
0 2626 5720 5210 4700 4190 3680 3208 988 1173 1012 1076 1326 5220 4710 4200 3690 3180 2670 2030 1974 1247 1440 261 272 437 997 4720 4210 3700 3190 2680 2170 1660 1080 1360 101 0 5172 4662 4152 3642 3132 2622 2112 1247 1368 424 495 
0 4540 1500 2010 2520 3029 3540 4240 5561 5700 5847 6595 7105 1000 1118 1414 2529 3040 3540 4065 4046 4641 4202 5284 5718 6095 6605 500 707 1118 2029 2540 3050 3560 4140 3860 4688 5172 0 250 700 1500 2039 2550 3060 3645 3487 4105 4079 
0 4030 2010 1500 2010 2520 3029 3730 5051 5190 5337 6085 6595 1118 1000 1118 1414 2529 3030 3555 3536 4131 3692 4774 5208 5585 6095 707 500 707 1118 2029 2540 3050 3630 3350 4178 4662 250 0 250 700 1500 2039 2550 3135 2977 3595 3569 
0 3520 2520 2010 1500 2010 2520 3220 4541 4680 4827 5575 6085 1414 1118 1000 1118 1414 2520 3045 3026 3621 3182 4264 4698 5075 5585 1118 707 500 707 1118 2029 2540 3120 2840 3668 4152 700 250 0 250 700 1500 2039 2625 2467 3085 3059 
0 3010 3029 2520 2010 1500 2010 2710 4031 4170 4317 5065 5575 2529 1414 1118 1000 1118 1434 2535 2516 3111 2672 3754 4188 4565 5075 2029 1118 707 500 707 1118 2029 2610 2330 3158 3642 1500 700 250 0 250 700 1500 2115 1957 2575 2549 
0 2500 3540 3029 2520 2010 1500 2200 3521 3660 3807 4555 5065 3040 2529 1414 1118 1000 1138 2025 1377 2601 2162 3244 3678 4055 4565 2540 2029 1118 707 500 707 1118 2100 1412 2648 3132 2039 1500 700 250 0 250 700 1605 1442 2065 2039 
0 1436 4050 3540 3029 2520 2010 1538 3011 3150 3297 4045 4555 3550 3040 2529 1414 1118 1020 1370 1084 1295 1152 2734 3168 3545 4055 3050 2540 2029 1118 707 500 707 1227 963 2138 2622 2550 2039 1500 700 250 0 250 714 660 1555 1449 
0 1360 4560 4050 3540 3029 2520 2048 2501 2640 2787 3535 4045 4060 3550 3040 2529 1414 1138 1226 980 977 899 2224 2658 3035 3545 3560 3050 2540 2029 1118 707 500 812 603 1628 2112 3060 2550 2039 1500 700 250 0 260 223 1106 953 
0 703 5145 4635 4125 3615 3105 2634 693 2220 2202 2949 3459 4645 4135 3625 3115 2605 1386 610 1066 400 835 579 1471 2449 2959 4145 3635 3125 2615 2105 1120 699 253 501 523 1247 3645 3135 2625 2115 1605 714 260 0 72 150 232 
0 1492 4987 4477 3967 3457 2947 2476 2023 2467 2382 3129 3639 4487 3977 3467 2957 2447 1418 1314 1137 920 933 1302 2253 2629 3139 3987 3477 2967 2457 1947 1107 736 640 592 1171 1368 3487 2977 2467 1957 1442 660 223 72 0 330 253 
0 1193 5605 5095 4585 4075 3565 3094 709 1676 1742 2489 2999 5105 4595 4085 3575 3065 2555 1024 1881 571 1262 511 1289 1469 2499 4605 4095 3585 3075 2565 2055 1265 414 996 173 424 4105 3595 3085 2575 2065 1555 1106 150 330 0 82 
0 2629 5579 5069 4559 4049 3539 3068 1468 1919 1959 2707 3217 5079 4569 4059 3549 3039 2529 2292 1475 1100 1198 1107 1385 2207 2717 4579 4069 3559 3049 2539 2029 1152 778 905 411 495 4079 3569 3059 2549 2039 1449 953 232 253 82 0 
EOF