NAME : coverage_path
TYPE : ATSP
DIMENSION : 32
EDGE_WEIGHT_TYPE : EXPLICIT
EDGE_WEIGHT_FORMAT : FULL_MATRIX
EDGE_WEIGHT_SECTION
0 9771 8957 8198 7516 6943 6522 6297 6298 9270 6784 6287 101765 5813 101534 5647 101643 5650 7944 101896 6387 101798 5995 3788 292 3714 100571 3700 3043 131 2957 3803 
0 0 250 700 1500 2039 2550 3060 3570 250 2029 2462 3171 2930 3601 3409 4111 3919 782 2622 2457 3004 3082 5487 4576 5524 4943 5143 5563 5873 6113 6573 
0 250 0 250 700 1500 2039 2550 3060 494 1118 1952 2661 2420 3091 2899 3601 3409 1000 2112 1321 2494 2572 4977 4066 5014 4433 4633 5053 5363 5603 6063 
0 700 250 0 250 700 1500 2039 2550 1118 707 1067 1496 1910 2581 2389 3091 2899 1118 1335 1031 1984 2062 4467 3556 4504 3923 4123 4543 4853 5093 5553 
0 1500 700 250 0 250 700 1500 2039 2029 500 642 1064 1089 2071 1480 2581 2389 1414 1186 943 1482 1552 3957 3046 3994 3413 3613 4033 4343 4583 5043 
0 2039 1500 700 250 0 250 1000 1500 2540 707 442 509 453 1196 1000 2071 1879 2529 1240 1107 1984 2062 3447 2536 3484 2903 3103 3523 3833 4073 4533 
0 2550 2039 1500 700 250 0 500 1000 3050 1118 704 330 200 571 392 1067 1152 3040 1476 1438 2494 2572 2937 2026 2974 2393 2593 3013 3323 3563 4023 
0 3060 2550 2039 1500 1000 500 0 250 3560 2029 1141 647 453 320 184 471 484 3550 2622 2457 3004 3082 3447 1516 3484 2903 3103 2958 2813 3053 3513 
0 3570 3060 2550 2039 1500 1000 250 0 4070 2540 1952 1335 1089 571 484 263 184 4060 3132 2967 3514 3592 3957 2026 3994 3413 3613 3245 2303 2543 3003 
0 250 494 1118 2029 2540 3050 3560 4070 0 1500 1997 2502 2538 3087 2960 3507 3689 353 2122 1500 2504 2582 5084 4065 5121 4964 4782 5202 5313 5905 6128 
0 2029 1118 707 500 707 1118 2029 2540 1500 0 243 608 719 1557 1449 1977 2159 1118 345 223 983 1072 3554 2535 3591 3434 3252 3672 3783 4375 4598 
0 2462 1952 1067 642 442 704 1141 1952 1997 243 0 214 270 741 674 1462 1692 1987 570 515 1107 1280 2965 2136 3002 2993 2811 3231 3384 3934 4111 
0 3171 2661 1496 1064 509 330 647 1335 2502 608 214 0 288 165 322 380 889 2492 449 967 566 1358 2316 718 2353 886 1972 2392 1342 3094 3504 
0 2930 2420 1910 1089 453 200 453 1089 2538 719 270 288 0 277 210 649 756 2528 1175 1207 1418 2061 2554 1521 2591 2009 2209 2629 2923 3332 3742 
0 3601 3091 2581 2071 1196 571 320 571 3087 1557 741 165 277 0 291 109 322 3077 755 1985 1266 2610 2901 549 2938 1178 2557 2416 1090 2421 2881 
0 3409 2899 2389 1480 1000 392 184 484 2960 1449 674 322 210 291 0 262 329 2950 2022 1858 2404 2483 2975 1388 3013 2431 2631 2619 2337 2577 3037 
0 4111 3601 3091 2581 2071 1067 471 263 3507 1977 1462 380 649 109 262 0 113 3497 1285 2405 1476 3030 3321 610 3358 1388 2977 2704 880 2001 2461 
0 3919 3409 2899 2389 1879 1152 484 184 3689 2159 1692 889 756 322 329 113 0 3679 2752 2587 3134 3212 3705 1907 3742 3161 3361 2907 1964 2204 2664 
0 782 1000 1118 1414 2529 3040 3550 4060 353 1118 1987 2492 2528 3077 2950 3497 3679 0 1151 943 1193 1018 3894 3078 3931 3809 3628 4048 4326 4750 5060 
0 2622 2112 1335 1186 1240 1476 2622 3132 2122 345 570 449 1175 755 2022 1285 2752 1151 0 156 75 236 2962 971 2999 1420 2660 3080 1595 3782 4005 
0 2457 1321 1031 943 1107 1438 2457 2967 1500 223 515 967 1207 1985 1858 2405 2587 943 156 0 281 312 3143 2140 3180 3022 2841 3261 3388 3963 4186 
0 3004 2494 1984 1482 1984 2494 3004 3514 2504 983 1107 566 1418 1266 2404 1476 3134 1193 75 281 0 126 2579 1162 2617 349 709 2698 1823 3400 3623 
0 3082 2572 2062 1552 2062 2572 3082 3592 2582 1072 1280 1358 2061 2610 2483 3030 3212 1018 236 312 126 0 2302 2765 2339 1219 1129 2678 3627 3380 3600 
0 5487 4977 4467 3957 3447 2937 3447 3957 5084 3554 2965 2316 2554 2901 2975 3321 3705 3894 2962 3143 2579 2302 0 1289 98 420 550 777 2086 1839 2114 
0 4576 4066 3556 3046 2536 2026 1516 2026 4065 2535 2136 718 1521 549 1388 610 1907 3078 971 2140 1162 2765 1289 0 2615 855 1303 1441 140 445 947 
0 5524 5014 4504 3994 3484 2974 3484 3994 5121 3591 3002 2353 2591 2938 3013 3358 3742 3931 2999 3180 2617 2339 98 2615 0 651 846 1162 742 948 1506 
0 4943 4433 3923 3413 2903 2393 2903 3413 4964 3434 2993 886 2009 1178 2431 1388 3161 3809 1420 3022 349 1219 420 855 651 0 312 162 828 1410 842 
0 5143 4633 4123 3613 3103 2593 3103 3613 4782 3252 2811 1972 2209 2557 2631 2977 3361 3628 2660 2841 709 1129 550 1303 846 312 0 210 1368 1200 784 
0 5563 5053 4543 4033 3523 3013 2958 3245 5202 3672 3231 2392 2629 2416 2619 2704 2907 4048 3080 3261 2698 2678 777 1441 1162 162 210 0 487 540 399 
0 5873 5363 4853 4343 3833 3323 2813 2303 5313 3783 3384 1342 2923 1090 2337 880 1964 4326 1595 3388 1823 3627 2086 140 742 828 1368 487 0 258 399 
0 6113 5603 5093 4583 4073 3563 3053 2543 5905 4375 3934 3094 3332 2421 2577 2001 2204 4750 3782 3963 3400 3380 1839 445 948 1410 1200 540 258 0 240 
0 6573 6063 5553 5043 4533 4023 3513 3003 6128 4598 4111 3504 3742 2881 3037 2461 2664 5060 4005 4186 3623 3600 2114 947 1506 842 784 399 399 240 0 
EOF