NAME : coverage_path
TYPE : ATSP
DIMENSION : 21
EDGE_WEIGHT_TYPE : EXPLICIT
EDGE_WEIGHT_FORMAT : FULL_MATRIX
EDGE_WEIGHT_SECTION
0 8502 5260 5365 101123 4758 235 3028 2780 3208 4981 100738 4152 123 2433 3090 4081 3893 4472 4714 5145 
0 0 1019 1420 2625 2467 4113 3883 4009 4530 3029 3354 3559 4535 5593 5681 5580 5862 6080 6362 6580 
0 1019 0 353 428 313 1269 1209 1969 2490 2010 1342 1519 2495 3553 3641 3540 3822 4040 4322 4540 
0 1420 353 0 322 223 1399 1432 2075 2933 1000 1109 1104 2506 3744 3795 3822 3869 4322 4369 4822 
0 2625 428 322 0 128 389 791 1489 2000 790 182 470 581 3063 3161 3050 3332 3550 3832 4050 
0 2467 313 223 128 0 1032 1032 1544 2054 825 468 539 1418 3118 3215 3104 3387 3604 3887 4104 
0 4113 1269 1399 389 1032 0 89 320 501 999 163 521 214 784 966 1434 2380 2549 2880 3049 
0 3883 1209 1432 791 1032 89 0 258 370 1517 406 594 553 1900 1046 1013 2024 2478 2524 2978 
0 4009 1969 2075 1489 1544 320 258 0 181 2071 644 842 985 1023 716 713 1303 1482 2174 2344 
0 4530 2490 2933 2000 2054 501 370 181 0 2933 2201 2558 844 1063 480 353 1027 782 1832 2001 
0 3029 2010 1000 790 825 999 1517 2071 2933 0 393 220 1506 2744 2795 2822 2869 3322 3369 3822 
0 3354 1342 1109 182 468 163 406 644 2201 393 0 284 380 2055 1994 2133 2179 2633 2679 3133 
0 3559 1519 1104 470 539 521 594 842 2558 220 284 0 1132 2406 2346 2484 2531 2984 3031 3484 
0 4535 2495 2506 581 1418 214 553 985 844 1506 380 1132 0 619 289 1098 814 1347 1863 2316 
0 5593 3553 3744 3063 3118 784 1900 1023 1063 2744 2055 2406 619 0 171 863 638 1106 1412 1585 
0 5681 3641 3795 3161 3215 966 1046 716 480 2795 1994 2346 289 171 0 521 276 756 732 1173 
0 5580 3540 3822 3050 3104 1434 1013 713 353 2822 2133 2484 1098 863 521 0 648 250 1089 700 
0 5862 3822 3869 3332 3387 2380 2024 1303 1027 2869 2179 2531 814 638 276 648 0 400 250 453 
0 6080 4040 4322 3550 3604 2549 2478 1482 782 3322 2633 2984 1347 1106 756 250 400 0 453 250 
0 6362 4322 4369 3832 3887 2880 2524 2174 1832 3369 2679 3031 1863 1412 732 1089 250 453 0 200 
0 6580 4540 4822 4050 4104 3049 2978 2344 2001 3822 3133 3484 2316 1585 1173 700 453 250 200 0 
EOF